400 0.000000 0.000000 0.000000
404 0.000000 0.000000 0.000000
408 0.000000 0.000000 0.000000
412 0.000000 0.000000 0.000000
416 0.000000 0.000000 0.000000
420 0.000000 0.000000 0.166299
424 0.000000 0.000000 0.401503
428 0.000000 0.000000 0.470239
432 0.000000 0.000000 0.551735
436 0.000000 0.000000 0.602749
440 0.000000 0.000000 0.623505
444 0.000000 0.000000 0.642378
448 0.000000 0.000000 0.701867
452 0.000000 0.000000 0.739770
456 0.000000 0.000000 0.734644
460 0.000000 0.000000 0.768184
464 0.000000 0.000000 0.787806
468 0.000000 0.000000 0.777904
472 0.000000 0.000000 0.782250
476 0.000000 0.147709 0.810986
480 0.000000 0.185608 0.771495
484 0.000000 0.237198 0.767475
488 0.000000 0.297301 0.730199
492 0.000000 0.350674 0.672705
496 0.000000 0.401361 0.616671
500 0.000000 0.463774 0.544109
504 0.000000 0.520347 0.482243
508 0.000000 0.581873 0.407303
512 0.000000 0.643529 0.351317
516 0.056059 0.682850 0.281547
520 0.090478 0.729883 0.215446
524 0.132756 0.761011 0.160241
528 0.185327 0.771748 0.115645
532 0.240744 0.788452 0.088501
536 0.274366 0.774624 0.069989
540 0.292312 0.765229 0.054971
544 0.277443 0.740360 0.042413
548 0.251983 0.722076 0.033628
552 0.236087 0.716807 0.000000
556 0.237387 0.680661 0.000000
560 0.267416 0.627013 0.000000
564 0.320142 0.580782 0.000000
568 0.407477 0.537440 0.000000
572 0.510810 0.492779 0.000000
576 0.628822 0.444412 0.000000
580 0.777264 0.403091 0.000000
584 0.903919 0.359580 0.000000
588 0.970416 0.313310 0.000000
592 1.000000 0.255533 0.000000
596 0.989071 0.203360 0.000000
600 0.977344 0.158181 0.000000
604 0.980403 0.121617 0.000000
608 0.968501 0.088602 0.000000
612 0.942210 0.066923 0.000000
616 0.925492 0.053040 0.000000
620 0.854747 0.038057 0.000000
624 0.787367 0.029168 0.000000
628 0.722862 0.000000 0.000000
632 0.665835 0.000000 0.000000
636 0.612388 0.000000 0.000000
640 0.541679 0.000000 0.000000
644 0.493298 0.000000 0.000000
648 0.467334 0.000000 0.000000
652 0.407330 0.000000 0.000000
656 0.363380 0.000000 0.000000
660 0.316166 0.000000 0.000000
664 0.275687 0.000000 0.000000
668 0.235413 0.000000 0.000000
672 0.184851 0.000000 0.000000
676 0.100977 0.000000 0.000000
680 0.064216 0.000000 0.000000
684 0.036298 0.000000 0.000000
688 0.023019 0.000000 0.000000
692 0.000000 0.000000 0.000000
696 0.000000 0.000000 0.000000
700 0.000000 0.000000 0.000000